cv_scheme = classic, network = string:
 method          prob           SE df  asymp.LCL  asymp.UCL
 pr        0.11330747 0.0011267099 NA 0.11111785 0.11553462
 randomraw 0.06422090 0.0008353560 NA 0.06260294 0.06587774
 random    0.05078575 0.0007382839 NA 0.04935809 0.05225242
 EGAD      0.10931654 0.0011057452 NA 0.10716809 0.11150268
 ppr       0.15944385 0.0013437669 NA 0.15682771 0.16209524
 raw       0.13156320 0.0012178496 NA 0.12919458 0.13396857
 gm        0.04096563 0.0006596924 NA 0.03969201 0.04227832
 mc        0.12667495 0.0011941741 NA 0.12435284 0.12903404
 z         0.12829708 0.0012020874 NA 0.12595942 0.13067163
 knn       0.09573991 0.0010312916 NA 0.09373760 0.09778037
 wsld      0.09188170 0.0010091767 NA 0.08992280 0.09387888
 COSNet    0.11424099 0.0011315572 NA 0.11204186 0.11647762
 bagsvm    0.11463508 0.0011335971 NA 0.11243195 0.11687571
 rf        0.07375016 0.0008986260 NA 0.07200813 0.07553090
 svm       0.07358670 0.0008975740 NA 0.07184673 0.07536539

cv_scheme = block, network = string:
 method          prob           SE df  asymp.LCL  asymp.UCL
 pr        0.11089331 0.0011076177 NA 0.10874094 0.11308287
 randomraw 0.06277855 0.0008188569 NA 0.06119263 0.06440275
 random    0.04962913 0.0007230966 NA 0.04823092 0.05106571
 EGAD      0.10697716 0.0010867663 NA 0.10486572 0.10912592
 ppr       0.15621988 0.0013242699 NA 0.15364190 0.15883301
 raw       0.12881659 0.0011984102 NA 0.12648594 0.13118373
 gm        0.04002323 0.0006457146 NA 0.03877666 0.04130816
 mc        0.12401582 0.0011748015 NA 0.12173154 0.12633680
 z         0.12560879 0.0011826906 NA 0.12330902 0.12794520
 knn       0.09366051 0.0010128116 NA 0.09169421 0.09566454
 wsld      0.08987777 0.0009908729 NA 0.08795452 0.09183885
 COSNet    0.11180945 0.0011124404 NA 0.10964762 0.11400845
 bagsvm    0.11219622 0.0011144703 NA 0.11003040 0.11439919
 rf        0.07211028 0.0008813864 NA 0.07040176 0.07385696
 svm       0.07195017 0.0008803459 NA 0.07024370 0.07369482

cv_scheme = representative, network = string:
 method          prob           SE df  asymp.LCL  asymp.UCL
 pr        0.11382685 0.0011308015 NA 0.11162925 0.11606205
 randomraw 0.06453165 0.0008389029 NA 0.06290681 0.06619550
 random    0.05103503 0.0007415517 NA 0.04960105 0.05250819
 EGAD      0.10981989 0.0011098135 NA 0.10766351 0.11201405
 ppr       0.16013652 0.0013479321 NA 0.15751223 0.16279609
 raw       0.13215379 0.0012220105 NA 0.12977704 0.13456734
 gm        0.04116881 0.0006627017 NA 0.03988937 0.04248747
 mc        0.12724682 0.0011983221 NA 0.12491661 0.12961406
 z         0.12887518 0.0012062401 NA 0.12652942 0.13125791
 knn       0.09618750 0.0010352565 NA 0.09417747 0.09823578
 wsld      0.09231310 0.0010131047 NA 0.09034654 0.09431802
 COSNet    0.11476410 0.0011356537 NA 0.11255697 0.11700879
 bagsvm    0.11515976 0.0011376957 NA 0.11294863 0.11740845
 rf        0.07410337 0.0009023300 NA 0.07235414 0.07589143
 svm       0.07393919 0.0009012755 NA 0.07219203 0.07572519

cv_scheme = classic, network = omnipath:
 method          prob           SE df  asymp.LCL  asymp.UCL
 pr        0.09955064 0.0010122520 NA 0.09758417 0.10155227
 randomraw 0.05604704 0.0007391750 NA 0.05461577 0.05751353
 random    0.04424103 0.0006504056 NA 0.04298363 0.04553346
 EGAD      0.09599180 0.0009922338 NA 0.09406459 0.09795423
 ppr       0.14097612 0.0012234909 NA 0.13859512 0.14339121
 raw       0.11587958 0.0011000259 NA 0.11374093 0.11805308
 gm        0.03563891 0.0005792493 NA 0.03452085 0.03679180
 mc        0.11149924 0.0010771039 NA 0.10940557 0.11362787
 z         0.11295217 0.0010847555 NA 0.11084348 0.11509578
 knn       0.08391413 0.0009216308 NA 0.08212534 0.08573824
 wsld      0.08049007 0.0009008012 NA 0.07874211 0.08227337
 COSNet    0.10038365 0.0010168893 NA 0.09840809 0.10239437
 bagsvm    0.10073538 0.0010188419 NA 0.09875599 0.10274992
 rf        0.06444697 0.0007975923 NA 0.06290126 0.06602799
 svm       0.06430270 0.0007966172 NA 0.06275890 0.06588181

cv_scheme = block, network = omnipath:
 method          prob           SE df  asymp.LCL  asymp.UCL
 pr        0.09739739 0.0009944603 NA 0.09546561 0.09936397
 randomraw 0.05477752 0.0007243025 NA 0.05337512 0.05621458
 random    0.04322668 0.0006368349 NA 0.04199557 0.04449220
 EGAD      0.09390750 0.0009745971 NA 0.09201466 0.09583517
 ppr       0.13806424 0.0012046963 NA 0.13571999 0.14044240
 raw       0.11341763 0.0010816733 NA 0.11131480 0.11555501
 gm        0.03481460 0.0005668382 NA 0.03372055 0.03594284
 mc        0.10911887 0.0010588787 NA 0.10706076 0.11121162
 z         0.11054464 0.0010664864 NA 0.10847160 0.11265228
 knn       0.08206827 0.0009046177 NA 0.08031260 0.08385882
 wsld      0.07871306 0.0008839946 NA 0.07699780 0.08046319
 COSNet    0.09821435 0.0009990631 NA 0.09627354 0.10018995
 bagsvm    0.09855931 0.0010010013 NA 0.09661470 0.10053870
 rf        0.06299988 0.0007819542 NA 0.06148455 0.06454998
 svm       0.06285863 0.0007809912 NA 0.06134519 0.06440685

cv_scheme = representative, network = omnipath:
 method          prob           SE df  asymp.LCL  asymp.UCL
 pr        0.10001407 0.0010160682 NA 0.09804016 0.10202323
 randomraw 0.05632062 0.0007423739 NA 0.05488314 0.05779344
 random    0.04445970 0.0006533266 NA 0.04319664 0.04575792
 EGAD      0.09644044 0.0009960176 NA 0.09450585 0.09841033
 ppr       0.14160207 0.0012275112 NA 0.13921322 0.14402506
 raw       0.11640920 0.0011039582 NA 0.11426288 0.11859044
 gm        0.03581665 0.0005819221 NA 0.03469343 0.03697485
 mc        0.11201138 0.0010810100 NA 0.10991009 0.11414770
 z         0.11347013 0.0010886708 NA 0.11135381 0.11562144
 knn       0.08431159 0.0009252836 NA 0.08251568 0.08614291
 wsld      0.08087274 0.0009044105 NA 0.07911775 0.08266316
 COSNet    0.10085053 0.0010207127 NA 0.09886751 0.10286878
 bagsvm    0.10120371 0.0010226683 NA 0.09921686 0.10322579
 rf        0.06475874 0.0008009541 NA 0.06320650 0.06634640
 svm       0.06461382 0.0007999763 NA 0.06306349 0.06619957

Results are averaged over the levels of: disease 
Confidence level used: 0.95 
Intervals are back-transformed from the logit scale 
