cv_scheme = classic, network = string:
 method          prob           SE df  asymp.LCL  asymp.UCL
 pr        0.06469006 0.0008369316 NA 0.06306893 0.06634990
 randomraw 0.03067781 0.0005539716 NA 0.02961046 0.03178238
 random    0.02483903 0.0004944277 NA 0.02388818 0.02582674
 EGAD      0.04651792 0.0006959351 NA 0.04517277 0.04790111
 ppr       0.09337193 0.0010307272 NA 0.09137125 0.09541181
 raw       0.06655870 0.0008504906 NA 0.06491103 0.06824514
 gm        0.02653158 0.0005122290 NA 0.02554590 0.02755422
 mc        0.07530331 0.0009120444 NA 0.07353511 0.07711049
 z         0.07178140 0.0008876138 NA 0.07006104 0.07354066
 knn       0.05140891 0.0007357196 NA 0.04998590 0.05287017
 wsld      0.05010067 0.0007252278 NA 0.04869820 0.05154134
 COSNet    0.07032286 0.0008773571 NA 0.06862259 0.07206200
 bagsvm    0.06058452 0.0008065907 NA 0.05902279 0.06218483
 rf        0.03552468 0.0005999755 NA 0.03436731 0.03671954
 svm       0.03768573 0.0006196728 NA 0.03648983 0.03891925

cv_scheme = block, network = string:
 method          prob           SE df  asymp.LCL  asymp.UCL
 pr        0.06211954 0.0008087747 NA 0.06055313 0.06372372
 randomraw 0.02941630 0.0005330006 NA 0.02838943 0.03047914
 random    0.02381172 0.0004753173 NA 0.02289768 0.02476132
 EGAD      0.04463503 0.0006710113 NA 0.04333818 0.04596881
 ppr       0.08977110 0.0009992894 NA 0.08783169 0.09174902
 raw       0.06391900 0.0008220599 NA 0.06232659 0.06554926
 gm        0.02543609 0.0004925501 NA 0.02448834 0.02641952
 mc        0.07234369 0.0008824534 NA 0.07063306 0.07409244
 z         0.06894987 0.0008584670 NA 0.06728620 0.07065156
 knn       0.04933829 0.0007098129 NA 0.04796553 0.05074824
 wsld      0.04808007 0.0006995750 NA 0.04672734 0.04946993
 COSNet    0.06754468 0.0008484032 NA 0.06590071 0.06922663
 bagsvm    0.05816699 0.0007790704 NA 0.05665871 0.05971288
 rf        0.03407086 0.0005776482 NA 0.03295666 0.03522135
 svm       0.03614679 0.0005967867 NA 0.03499515 0.03733486

cv_scheme = representative, network = string:
 method          prob           SE df  asymp.LCL  asymp.UCL
 pr        0.06303433 0.0008188155 NA 0.06144841 0.06465836
 randomraw 0.02986482 0.0005404641 NA 0.02882355 0.03094252
 random    0.02417692 0.0004821163 NA 0.02324978 0.02514008
 EGAD      0.04530477 0.0006798898 NA 0.04399073 0.04665616
 ppr       0.09105356 0.0010105187 NA 0.08909227 0.09305362
 raw       0.06485846 0.0008321994 NA 0.06324634 0.06650875
 gm        0.02582554 0.0004995520 NA 0.02486430 0.02682293
 mc        0.07339726 0.0008930120 NA 0.07166609 0.07516686
 z         0.06995775 0.0008688650 NA 0.06827385 0.07167998
 knn       0.05007491 0.0007190441 NA 0.04868425 0.05150315
 wsld      0.04879887 0.0007087151 NA 0.04742842 0.05020683
 COSNet    0.06853353 0.0008587315 NA 0.06686947 0.07023588
 bagsvm    0.05902724 0.0007888818 NA 0.05749991 0.06059253
 rf        0.03458783 0.0005855967 NA 0.03345826 0.03575412
 svm       0.03669406 0.0006049352 NA 0.03552666 0.03789832

cv_scheme = classic, network = omnipath:
 method          prob           SE df  asymp.LCL  asymp.UCL
 pr        0.05861237 0.0007676950 NA 0.05712570 0.06013526
 randomraw 0.02770096 0.0005035220 NA 0.02673097 0.02870511
 random    0.02241565 0.0004486323 NA 0.02155300 0.02331201
 EGAD      0.04207072 0.0006353546 NA 0.04084292 0.04333377
 ppr       0.08484399 0.0009520093 NA 0.08299661 0.08672861
 raw       0.06031677 0.0007804979 NA 0.05880505 0.06186479
 gm        0.02394713 0.0004650178 NA 0.02305243 0.02487566
 mc        0.06830131 0.0008387917 NA 0.06667553 0.06996376
 z         0.06508383 0.0008156209 NA 0.06350339 0.06670080
 knn       0.04651694 0.0006725519 NA 0.04521639 0.04785303
 wsld      0.04532724 0.0006627315 NA 0.04404589 0.04664404
 COSNet    0.06375204 0.0008059065 NA 0.06219061 0.06534994
 bagsvm    0.05486992 0.0007390952 NA 0.05343920 0.05633666
 rf        0.03209308 0.0005460917 NA 0.03103985 0.03318083
 svm       0.03405276 0.0005643624 NA 0.03296379 0.03517639

cv_scheme = block, network = omnipath:
 method          prob           SE df  asymp.LCL  asymp.UCL
 pr        0.05626882 0.0007414811 NA 0.05483307 0.05773987
 randomraw 0.02655851 0.0004843413 NA 0.02562554 0.02752448
 random    0.02148636 0.0004312062 NA 0.02065727 0.02234796
 EGAD      0.04036022 0.0006123701 NA 0.03917695 0.04157769
 ppr       0.08154246 0.0009222911 NA 0.07975296 0.08336847
 raw       0.05790927 0.0007540030 NA 0.05644903 0.05940491
 gm        0.02295583 0.0004470575 NA 0.02209575 0.02384857
 mc        0.06559736 0.0008110880 NA 0.06402546 0.06720509
 z         0.06249871 0.0007883838 NA 0.06097122 0.06406186
 knn       0.04463409 0.0006486000 NA 0.04337997 0.04592272
 wsld      0.04349034 0.0006390304 NA 0.04225494 0.04476018
 COSNet    0.06121635 0.0007788705 NA 0.05970747 0.06276082
 bagsvm    0.05266764 0.0007135290 NA 0.05128656 0.05408380
 rf        0.03077521 0.0005256189 NA 0.02976155 0.03182227
 svm       0.03265713 0.0005433538 NA 0.03160880 0.03373903

cv_scheme = representative, network = omnipath:
 method          prob           SE df  asymp.LCL  asymp.UCL
 pr        0.05710270 0.0007508258 NA 0.05564880 0.05859223
 randomraw 0.02696467 0.0004911666 NA 0.02601853 0.02794423
 random    0.02181669 0.0004374052 NA 0.02097566 0.02269066
 EGAD      0.04096858 0.0006205558 NA 0.03976944 0.04220227
 ppr       0.08271805 0.0009329010 NA 0.08090789 0.08456499
 raw       0.05876595 0.0007634489 NA 0.05728735 0.06028026
 gm        0.02330822 0.0004534471 NA 0.02243582 0.02421369
 mc        0.06655974 0.0008209693 NA 0.06496862 0.06818698
 z         0.06341871 0.0007980969 NA 0.06187234 0.06500106
 knn       0.04530382 0.0006571324 NA 0.04403316 0.04660936
 wsld      0.04414371 0.0006474729 NA 0.04289194 0.04543027
 COSNet    0.06211873 0.0007885112 NA 0.06059111 0.06368225
 bagsvm    0.05345117 0.0007226409 NA 0.05205240 0.05488536
 rf        0.03124380 0.0005329059 NA 0.03021605 0.03230534
 svm       0.03315339 0.0005508324 NA 0.03209059 0.03425014

Results are averaged over the levels of: disease 
Confidence level used: 0.95 
Intervals are back-transformed from the logit scale 
