cv_scheme = classic, network = string:
 method         prob          SE df asymp.LCL asymp.UCL
 pr        0.6882332 0.001325259 NA 0.6856298 0.6908247
 randomraw 0.6117936 0.001409830 NA 0.6090268 0.6145532
 random    0.5082480 0.001456811 NA 0.5053925 0.5111030
 EGAD      0.5986382 0.001420021 NA 0.5958519 0.6014182
 ppr       0.6880694 0.001325488 NA 0.6854656 0.6906613
 raw       0.6598269 0.001361848 NA 0.6571527 0.6624910
 gm        0.3875617 0.001416442 NA 0.3847892 0.3903415
 mc        0.6182101 0.001404405 NA 0.6154537 0.6209588
 z         0.6135443 0.001408380 NA 0.6107803 0.6163010
 knn       0.6341029 0.001389671 NA 0.6313749 0.6368223
 wsld      0.6338654 0.001389905 NA 0.6311370 0.6365853
 COSNet    0.5249284 0.001454339 NA 0.5220772 0.5277780
 bagsvm    0.6072900 0.001413460 NA 0.6045162 0.6100568
 rf        0.5732115 0.001436199 NA 0.5703943 0.5760240
 svm       0.5406846 0.001450218 NA 0.5378409 0.5435256

cv_scheme = block, network = string:
 method         prob          SE df asymp.LCL asymp.UCL
 pr        0.6977212 0.001304020 NA 0.6951592 0.7002708
 randomraw 0.6223313 0.001396241 NA 0.6195909 0.6250640
 random    0.5193884 0.001455385 NA 0.5165353 0.5222402
 EGAD      0.6093050 0.001407892 NA 0.6065421 0.6120609
 ppr       0.6975601 0.001304264 NA 0.6949977 0.7001103
 raw       0.6697646 0.001343260 NA 0.6671265 0.6723920
 gm        0.3981988 0.001429565 NA 0.3954003 0.4010040
 mc        0.6286793 0.001390116 NA 0.6259507 0.6313998
 z         0.6240637 0.001394599 NA 0.6213264 0.6267931
 knn       0.6443870 0.001373689 NA 0.6416901 0.6470748
 wsld      0.6441525 0.001373948 NA 0.6414551 0.6468408
 COSNet    0.5360359 0.001450879 NA 0.5331911 0.5388783
 bagsvm    0.6178736 0.001400367 NA 0.6151252 0.6206145
 rf        0.5840845 0.001426981 NA 0.5812850 0.5868786
 svm       0.5517382 0.001444854 NA 0.5489047 0.5545684

cv_scheme = representative, network = string:
 method         prob          SE df asymp.LCL asymp.UCL
 pr        0.7129603 0.001267712 NA 0.7104693 0.7154386
 randomraw 0.6394070 0.001371639 NA 0.6367142 0.6420909
 random    0.5376606 0.001450180 NA 0.5348171 0.5405016
 EGAD      0.6266162 0.001385575 NA 0.6238966 0.6293279
 ppr       0.7128041 0.001267977 NA 0.7103125 0.7152828
 raw       0.6857784 0.001310952 NA 0.6832033 0.6883421
 gm        0.4158969 0.001448601 NA 0.4130606 0.4187389
 mc        0.6456314 0.001364425 NA 0.6429526 0.6483010
 z         0.6411062 0.001369698 NA 0.6384172 0.6437863
 knn       0.6610086 0.001345375 NA 0.6583668 0.6636405
 wsld      0.6607793 0.001345672 NA 0.6581369 0.6634118
 COSNet    0.5542184 0.001442376 NA 0.5513897 0.5570436
 bagsvm    0.6350326 0.001376540 NA 0.6323304 0.6377263
 rf        0.6017829 0.001409255 NA 0.5990176 0.6045417
 svm       0.5697992 0.001433281 NA 0.5669878 0.5726061

cv_scheme = classic, network = omnipath:
 method         prob          SE df asymp.LCL asymp.UCL
 pr        0.6513336 0.001398581 NA 0.6485875 0.6540698
 randomraw 0.5714800 0.001451219 NA 0.5686334 0.5743220
 random    0.4665573 0.001451029 NA 0.4637145 0.4694024
 EGAD      0.5579456 0.001455542 NA 0.5550909 0.5607965
 ppr       0.6511602 0.001398747 NA 0.6484138 0.6538967
 raw       0.6214147 0.001423840 NA 0.6186201 0.6242014
 gm        0.3487499 0.001358651 NA 0.3460917 0.3514175
 mc        0.5781033 0.001448627 NA 0.5752615 0.5809400
 z         0.5732857 0.001450543 NA 0.5704403 0.5761263
 knn       0.5945707 0.001440814 NA 0.5917437 0.5973915
 wsld      0.5943241 0.001440945 NA 0.5914968 0.5971451
 COSNet    0.4832140 0.001456196 NA 0.4803605 0.4860686
 bagsvm    0.5668399 0.001452848 NA 0.5639901 0.5696851
 rf        0.5319565 0.001460207 NA 0.5290935 0.5348174
 svm       0.4990333 0.001459314 NA 0.4961731 0.5018935

cv_scheme = block, network = omnipath:
 method         prob          SE df asymp.LCL asymp.UCL
 pr        0.6613921 0.001380426 NA 0.6586812 0.6640924
 randomraw 0.5823650 0.001442104 NA 0.5795359 0.5851887
 random    0.4776715 0.001454713 NA 0.4748211 0.4805234
 EGAD      0.5689150 0.001448052 NA 0.5660747 0.5717509
 ppr       0.6612211 0.001380610 NA 0.6585099 0.6639217
 raw       0.6318484 0.001408934 NA 0.6290827 0.6346055
 gm        0.3589461 0.001375755 NA 0.3562541 0.3616469
 mc        0.5889411 0.001438724 NA 0.5861183 0.5917580
 z         0.5841582 0.001441213 NA 0.5813307 0.5869801
 knn       0.6052743 0.001428975 NA 0.6024701 0.6080716
 wsld      0.6050298 0.001429135 NA 0.6022253 0.6078274
 COSNet    0.4943573 0.001457847 NA 0.4915002 0.4972148
 bagsvm    0.5777556 0.001444289 NA 0.5749223 0.5805838
 rf        0.5430427 0.001455878 NA 0.5401878 0.5458947
 svm       0.5101812 0.001459025 NA 0.5073213 0.5130405

cv_scheme = representative, network = omnipath:
 method         prob          SE df asymp.LCL asymp.UCL
 pr        0.6776165 0.001348677 NA 0.6749675 0.6802542
 randomraw 0.6000865 0.001424506 NA 0.5972913 0.6028752
 random    0.4959907 0.001457918 NA 0.4931334 0.4988483
 EGAD      0.5868023 0.001433048 NA 0.5839908 0.5896082
 ppr       0.6774497 0.001348889 NA 0.6748003 0.6800878
 raw       0.6487366 0.001382214 NA 0.6460228 0.6514409
 gm        0.3759896 0.001401750 NA 0.3732462 0.3787409
 mc        0.6065720 0.001419873 NA 0.6037857 0.6093514
 z         0.6018556 0.001423273 NA 0.5990627 0.6046418
 knn       0.6226535 0.001407061 NA 0.6198918 0.6254073
 wsld      0.6224131 0.001407267 NA 0.6196510 0.6251673
 COSNet    0.5126883 0.001457691 NA 0.5098309 0.5155448
 bagsvm    0.5955368 0.001427575 NA 0.5927357 0.5983317
 rf        0.5611754 0.001445958 NA 0.5583394 0.5640074
 svm       0.5284857 0.001455681 NA 0.5256317 0.5313378

Results are averaged over the levels of: disease 
Confidence level used: 0.95 
Intervals are back-transformed from the logit scale 
