cv_scheme = classic, network = string:
 method         rate          SE df asymp.LCL asymp.UCL
 pr        0.5363789 0.011706586 NA 0.5139182 0.5598212
 randomraw 0.1842086 0.006420854 NA 0.1720442 0.1972330
 random    0.2010188 0.006730061 NA 0.1882516 0.2146519
 EGAD      0.2269855 0.007188529 NA 0.2133246 0.2415212
 ppr       0.7944963 0.014881086 NA 0.7658588 0.8242046
 raw       0.6137155 0.012691516 NA 0.5893380 0.6391014
 gm        0.3759301 0.009519553 NA 0.3577276 0.3950588
 mc        0.8023849 0.014973813 NA 0.7735670 0.8322764
 z         0.4995654 0.011224233 NA 0.4780436 0.5220560
 knn       0.5947453 0.012453128 NA 0.5708316 0.6196607
 wsld      0.5076888 0.011331511 NA 0.4859582 0.5303911
 COSNet    0.5090035 0.011348828 NA 0.4872392 0.5317400
 bagsvm    0.5961539 0.012470898 NA 0.5722057 0.6211044
 rf        0.2874649 0.008185842 NA 0.2718605 0.3039650
 svm       0.3048856 0.008458530 NA 0.2887499 0.3219230

cv_scheme = block, network = string:
 method         rate          SE df asymp.LCL asymp.UCL
 pr        0.4517483 0.009999309 NA 0.4325691 0.4717780
 randomraw 0.1551439 0.005437955 NA 0.1448436 0.1661767
 random    0.1693018 0.005702477 NA 0.1584861 0.1808556
 EGAD      0.1911715 0.006095236 NA 0.1795906 0.2034991
 ppr       0.6691396 0.012773826 NA 0.6445660 0.6946501
 raw       0.5168827 0.010857718 NA 0.4960341 0.5386076
 gm        0.3166154 0.008102148 NA 0.3011271 0.3329003
 mc        0.6757836 0.012855189 NA 0.6510518 0.7014549
 z         0.4207433 0.009579792 NA 0.4023800 0.4399446
 knn       0.5009056 0.010649740 NA 0.4804614 0.5222197
 wsld      0.4275850 0.009673043 NA 0.4090403 0.4469704
 COSNet    0.4286923 0.009688099 NA 0.4101184 0.4481074
 bagsvm    0.5020920 0.010665238 NA 0.4816177 0.5234367
 rf        0.2421083 0.006951862 NA 0.2288592 0.2561244
 svm       0.2567804 0.007186614 NA 0.2430742 0.2712593

cv_scheme = representative, network = string:
 method         rate          SE df asymp.LCL asymp.UCL
 pr        0.3340917 0.007620728 NA 0.3194843 0.3493669
 randomraw 0.1147371 0.004071049 NA 0.1070291 0.1230002
 random    0.1252076 0.004273347 NA 0.1171060 0.1338697
 EGAD      0.1413813 0.004574576 NA 0.1326937 0.1506378
 ppr       0.4948640 0.009832615 NA 0.4759628 0.5145157
 raw       0.3822619 0.008301543 NA 0.3663326 0.3988839
 gm        0.2341537 0.006129314 NA 0.2224434 0.2464805
 mc        0.4997775 0.009897940 NA 0.4807496 0.5195585
 z         0.3111618 0.007289295 NA 0.2971981 0.3257816
 knn       0.3704460 0.008136280 NA 0.3548376 0.3867411
 wsld      0.3162216 0.007362890 NA 0.3021149 0.3309869
 COSNet    0.3170405 0.007374776 NA 0.3029108 0.3318294
 bagsvm    0.3713235 0.008148588 NA 0.3556911 0.3876428
 rf        0.1790518 0.005235086 NA 0.1690797 0.1896121
 svm       0.1899026 0.005416917 NA 0.1795769 0.2008219

cv_scheme = classic, network = omnipath:
 method         rate          SE df asymp.LCL asymp.UCL
 pr        0.6565448 0.014147719 NA 0.6293932 0.6848677
 randomraw 0.2254771 0.007820448 NA 0.2106587 0.2413379
 random    0.2460534 0.008193625 NA 0.2305071 0.2626483
 EGAD      0.2778375 0.008746228 NA 0.2612133 0.2955196
 ppr       0.9724886 0.017900910 NA 0.9380289 1.0082144
 raw       0.7512072 0.015315470 NA 0.7217813 0.7818328
 gm        0.4601504 0.011542769 NA 0.4380741 0.4833391
 mc        0.9821446 0.018010107 NA 0.9474722 1.0180857
 z         0.6114838 0.013574658 NA 0.5854485 0.6386770
 knn       0.7279871 0.015033121 NA 0.6991110 0.7580558
 wsld      0.6214271 0.013702178 NA 0.5951434 0.6488717
 COSNet    0.6230365 0.013722759 NA 0.5967126 0.6505216
 bagsvm    0.7297113 0.015054173 NA 0.7007943 0.7598216
 rf        0.3518662 0.009945368 NA 0.3329037 0.3719088
 svm       0.3731896 0.010272540 NA 0.3535893 0.3938765

cv_scheme = block, network = omnipath:
 method         rate          SE df asymp.LCL asymp.UCL
 pr        0.5529543 0.012088762 NA 0.5297612 0.5771628
 randomraw 0.1899011 0.006623666 NA 0.1773527 0.2033372
 random    0.2072308 0.006943026 NA 0.1940599 0.2212956
 EGAD      0.2339999 0.007416628 NA 0.2199059 0.2489972
 ppr       0.8190481 0.015376171 NA 0.7894591 0.8497462
 raw       0.6326808 0.013108363 NA 0.6075035 0.6589015
 gm        0.3875472 0.009826064 NA 0.3687592 0.4072925
 mc        0.8271805 0.015472243 NA 0.7974046 0.8580683
 z         0.5150031 0.011589559 NA 0.4927817 0.5382266
 knn       0.6131243 0.012861552 NA 0.5884273 0.6388579
 wsld      0.5233776 0.011700577 NA 0.5009400 0.5468201
 COSNet    0.5247330 0.011718497 NA 0.5022605 0.5482109
 bagsvm    0.6145765 0.012879949 NA 0.5898437 0.6403464
 rf        0.2963483 0.008447193 NA 0.2802461 0.3133757
 svm       0.3143073 0.008729050 NA 0.2976560 0.3318901

cv_scheme = representative, network = omnipath:
 method         rate          SE df asymp.LCL asymp.UCL
 pr        0.4089388 0.009219896 NA 0.3912616 0.4274147
 randomraw 0.1404418 0.004959305 NA 0.1310505 0.1505061
 random    0.1532581 0.005203720 NA 0.1433909 0.1638042
 EGAD      0.1730553 0.005567266 NA 0.1624805 0.1843182
 ppr       0.6057292 0.011851239 NA 0.5829409 0.6294083
 raw       0.4679007 0.010031339 NA 0.4486470 0.4879807
 gm        0.2866116 0.007436536 NA 0.2724006 0.3015639
 mc        0.6117435 0.011928754 NA 0.5888047 0.6355760
 z         0.3808719 0.008824308 NA 0.3639634 0.3985659
 knn       0.4534377 0.009834503 NA 0.4345664 0.4731285
 wsld      0.3870652 0.008912182 NA 0.3699860 0.4049329
 COSNet    0.3880676 0.008926373 NA 0.3709608 0.4059634
 bagsvm    0.4545117 0.009849166 NA 0.4356119 0.4742315
 rf        0.2191651 0.006362809 NA 0.2070424 0.2319976
 svm       0.2324468 0.006581438 NA 0.2198988 0.2457108

Results are averaged over the levels of: disease 
Confidence level used: 0.95 
Intervals are back-transformed from the log scale 
