cv_scheme = classic, network = string:
 method          prob           SE df  asymp.LCL  asymp.UCL
 pr        0.18482998 0.0018060307 NA 0.18131640 0.18839597
 randomraw 0.11327038 0.0014919063 NA 0.11037905 0.11622755
 random    0.08686656 0.0013307427 NA 0.08429354 0.08951045
 EGAD      0.44558624 0.0021618998 NA 0.44135305 0.44982734
 ppr       0.58765341 0.0020146101 NA 0.58369929 0.59159626
 raw       0.64036268 0.0019070197 NA 0.63661654 0.64409180
 gm        0.28183384 0.0020518180 NA 0.27782984 0.28587270
 mc        0.57628278 0.0020340803 NA 0.57229118 0.58026446
 z         0.61589904 0.0019605098 NA 0.61204935 0.61973427
 knn       0.59343724 0.0020041983 NA 0.58950318 0.59735934
 wsld      0.59069833 0.0020091715 NA 0.58675469 0.59463034
 COSNet    0.33364643 0.0021228047 NA 0.32949884 0.33781992
 bagsvm    0.62890814 0.0019328347 NA 0.62511200 0.63268844
 rf        0.62614035 0.0019388689 NA 0.62233252 0.62993261
 svm       0.56672164 0.0020494273 NA 0.56270053 0.57073397

cv_scheme = block, network = string:
 method          prob           SE df  asymp.LCL  asymp.UCL
 pr        0.08995566 0.0010023668 NA 0.08801030 0.09193969
 randomraw 0.05275104 0.0007539264 NA 0.05129276 0.05424840
 random    0.03982102 0.0006497290 NA 0.03856691 0.04111416
 EGAD      0.25946780 0.0017156476 NA 0.25611937 0.26284453
 ppr       0.38321059 0.0019817209 NA 0.37933402 0.38710207
 raw       0.43701698 0.0020427729 NA 0.43301740 0.44102476
 gm        0.14609045 0.0012958666 NA 0.14356885 0.14864864
 mc        0.37222487 0.0019652975 NA 0.36838114 0.37608482
 z         0.41143449 0.0020177357 NA 0.40748560 0.41539482
 knn       0.38887991 0.0019896669 NA 0.38498742 0.39278662
 wsld      0.38618831 0.0019859392 NA 0.38230329 0.39008788
 COSNet    0.17917387 0.0014387463 NA 0.17637130 0.18201113
 bagsvm    0.42490235 0.0020318132 NA 0.42092502 0.42888942
 rf        0.42201136 0.0020289597 NA 0.41803981 0.42599302
 svm       0.36314768 0.0019507009 NA 0.35933309 0.36697956

cv_scheme = representative, network = string:
 method          prob           SE df  asymp.LCL  asymp.UCL
 pr        0.11770494 0.0012611144 NA 0.11525560 0.12019926
 randomraw 0.06990513 0.0009753498 NA 0.06801748 0.07184112
 random    0.05300568 0.0008490261 NA 0.05136607 0.05469461
 EGAD      0.32105980 0.0019259945 NA 0.31729668 0.32484632
 ppr       0.45608542 0.0020650511 NA 0.45204099 0.46013566
 raw       0.51163626 0.0020640848 NA 0.50759006 0.51568094
 gm        0.18758664 0.0015668194 NA 0.18453504 0.19067690
 mc        0.44451619 0.0020610748 NA 0.44048031 0.44855940
 z         0.48545222 0.0020686629 NA 0.48139876 0.48950759
 knn       0.46202526 0.0020665305 NA 0.45797753 0.46607801
 wsld      0.45920782 0.0020658762 NA 0.45516156 0.46325947
 COSNet    0.22756292 0.0017010473 NA 0.22424617 0.23091413
 bagsvm    0.49928760 0.0020671576 NA 0.49523618 0.50333911
 rf        0.49632729 0.0020676520 NA 0.49227510 0.50037996
 svm       0.43489736 0.0020566634 NA 0.43087076 0.43893257

cv_scheme = classic, network = omnipath:
 method          prob           SE df  asymp.LCL  asymp.UCL
 pr        0.12367328 0.0013112060 NA 0.12112621 0.12626622
 randomraw 0.07365206 0.0010205975 NA 0.07167656 0.07567757
 random    0.05590124 0.0008905809 NA 0.05418116 0.05767260
 EGAD      0.33344253 0.0019569779 NA 0.32961801 0.33728910
 ppr       0.47007026 0.0020685736 NA 0.46601799 0.47412648
 raw       0.52567821 0.0020552911 NA 0.52164833 0.52970475
 gm        0.19630999 0.0016153875 NA 0.19316317 0.19949540
 mc        0.45844528 0.0020671343 NA 0.45439661 0.46249945
 z         0.49951057 0.0020656866 NA 0.49546201 0.50355918
 knn       0.47603283 0.0020687442 NA 0.47197983 0.48008898
 wsld      0.47320510 0.0020687112 NA 0.46915236 0.47726138
 COSNet    0.23760160 0.0017458966 NA 0.23419668 0.24104044
 bagsvm    0.51334688 0.0020611064 NA 0.50930641 0.51738562
 rf        0.51038818 0.0020622587 NA 0.50634564 0.51442937
 svm       0.44876855 0.0020648171 NA 0.44472506 0.45281882

cv_scheme = block, network = omnipath:
 method          prob           SE df  asymp.LCL  asymp.UCL
 pr        0.05795906 0.0006779713 NA 0.05664447 0.05930225
 randomraw 0.03350071 0.0004935507 NA 0.03254674 0.03448165
 random    0.02516387 0.0004203457 NA 0.02435301 0.02600100
 EGAD      0.17903901 0.0013329584 NA 0.17644135 0.18166648
 ppr       0.27886907 0.0017028995 NA 0.27554373 0.28221891
 raw       0.32576273 0.0018361542 NA 0.32217426 0.32937175
 gm        0.09623861 0.0009186151 NA 0.09445315 0.09805418
 mc        0.26956726 0.0016735247 NA 0.26629983 0.27285987
 z         0.30318563 0.0017750518 NA 0.29971791 0.30667590
 knn       0.28370477 0.0017177796 NA 0.28035008 0.28708358
 wsld      0.28140593 0.0017107390 NA 0.27806512 0.28477103
 COSNet    0.11961406 0.0010477750 NA 0.11757564 0.12168294
 bagsvm    0.31500655 0.0018077429 NA 0.31147425 0.31856038
 rf        0.31245703 0.0018008226 NA 0.30893841 0.31599741
 svm       0.26194891 0.0016487221 NA 0.25873035 0.26519318

cv_scheme = representative, network = omnipath:
 method          prob           SE df  asymp.LCL  asymp.UCL
 pr        0.07666967 0.0008703972 NA 0.07498103 0.07839311
 randomraw 0.04469014 0.0006463231 NA 0.04344034 0.04597416
 random    0.03366573 0.0005543916 NA 0.03259591 0.03476941
 EGAD      0.22740173 0.0015717194 NA 0.22433595 0.23049696
 ppr       0.34293378 0.0018872725 NA 0.33924439 0.34664224
 raw       0.39470390 0.0019793218 NA 0.39083121 0.39858986
 gm        0.12565842 0.0011459410 NA 0.12342955 0.12792167
 mc        0.33248029 0.0018651087 NA 0.32883488 0.33614587
 z         0.36997061 0.0019389918 NA 0.36617837 0.37377895
 knn       0.34834376 0.0018982657 NA 0.34463253 0.35207348
 wsld      0.34577398 0.0018930843 NA 0.34207305 0.34949369
 COSNet    0.15495448 0.0012855983 NA 0.15245145 0.15749097
 bagsvm    0.38296434 0.0019610048 NA 0.37912822 0.38681508
 rf        0.38017006 0.0019564256 NA 0.37634308 0.38401199
 svm       0.32387229 0.0018459391 NA 0.32026490 0.32750074

Results are averaged over the levels of: disease 
Confidence level used: 0.95 
Intervals are back-transformed from the logit scale 
