cv_scheme = classic, network = string:
 method          rate         SE df  asymp.LCL  asymp.UCL
 pr         3.8756878 0.05317864 NA  3.7728486  3.9813302
 randomraw  2.2371938 0.04014742 NA  2.1598740  2.3172815
 random     1.7729761 0.03567554 NA  1.7044142  1.8442960
 EGAD      13.3430245 0.10220389 NA 13.1442047 13.5448516
 ppr       19.3055634 0.12553914 NA 19.0610725 19.5531902
 raw       22.0029680 0.13526090 NA 21.7394522 22.2696780
 gm        11.4019250 0.09381741 NA 11.2195210 11.5872944
 mc        16.8848863 0.11642315 NA 16.6582360 17.1146203
 z         21.1500796 0.13223085 NA 20.8924933 21.4108417
 knn       20.8499784 0.13115545 NA 20.5944966 21.1086295
 wsld      20.6775976 0.13053547 NA 20.4233290 20.9350317
 COSNet    11.8939407 0.09599163 NA 11.7072807 12.0835767
 bagsvm    21.7351725 0.13431359 NA 21.4735105 22.0000230
 rf        24.3375799 0.14337340 NA 24.0581892 24.6202151
 svm       21.4430017 0.13327582 NA 21.1833705 21.7058150

cv_scheme = block, network = string:
 method          rate         SE df  asymp.LCL  asymp.UCL
 pr         1.9802493 0.02757660 NA  1.9269311  2.0350428
 randomraw  1.1430749 0.02069247 NA  1.1032295  1.1843595
 random     0.9058869 0.01835508 NA  0.8706165  0.9425861
 EGAD       6.8175035 0.05468118 NA  6.7111684  6.9255235
 ppr        9.8640114 0.06830143 NA  9.7310474  9.9987923
 raw       11.2422271 0.07410561 NA 11.0979170 11.3884137
 gm         5.8257154 0.04989878 NA  5.7287319  5.9243408
 mc         8.6271873 0.06292696 NA  8.5047301  8.7514077
 z         10.8064511 0.07228874 NA 10.6656925 10.9490673
 knn       10.6531170 0.07164560 NA 10.5136156 10.7944693
 wsld      10.5650405 0.07127523 NA 10.4262631 10.7056650
 COSNet     6.0771066 0.05113279 NA  5.9777100  6.1781559
 bagsvm    11.1053993 0.07353683 NA 10.9622010 11.2504682
 rf        12.4350769 0.07900390 NA 12.2811922 12.5908898
 svm       10.9561171 0.07291453 NA 10.8141353 11.0999631

cv_scheme = representative, network = string:
 method          rate         SE df  asymp.LCL  asymp.UCL
 pr         1.6849195 0.02358629 NA  1.6393196  1.7317878
 randomraw  0.9725993 0.01766085 NA  0.9385934  1.0078373
 random     0.7707850 0.01565618 NA  0.7407022  0.8020895
 EGAD       5.8007567 0.04725404 NA  5.7088759  5.8941163
 ppr        8.3929154 0.05933183 NA  8.2774291  8.5100130
 raw        9.5655872 0.06450882 NA  9.4399841  9.6928614
 gm         4.9568816 0.04304000 NA  4.8732385  5.0419604
 mc         7.3405484 0.05455342 NA  7.2344006  7.4482537
 z          9.1948018 0.06288653 NA  9.0723689  9.3188870
 knn        9.0643356 0.06231265 NA  8.9430242  9.1872926
 wsld       8.9893946 0.06198225 NA  8.8687288  9.1117022
 COSNet     5.1707809 0.04412591 NA  5.0850149  5.2579934
 bagsvm     9.4491656 0.06400079 NA  9.3245553  9.5754411
 rf        10.5805382 0.06888995 NA 10.4463742 10.7164252
 svm        9.3221470 0.06344513 NA  9.1986225  9.4473303

cv_scheme = classic, network = omnipath:
 method          rate         SE df  asymp.LCL  asymp.UCL
 pr         2.8464737 0.03925392 NA  2.7705679  2.9244592
 randomraw  1.6430924 0.02957314 NA  1.5861406  1.7020892
 random     1.3021508 0.02626327 NA  1.2516798  1.3546568
 EGAD       9.7996976 0.07627253 NA  9.6513406  9.9503350
 ppr       14.1788455 0.09425653 NA 13.9953043 14.3647936
 raw       16.1599367 0.10181595 NA 15.9616082 16.3607295
 gm         8.3740696 0.06986678 NA  8.2382468  8.5121318
 mc        12.4009949 0.08720343 NA 12.2312518 12.5730938
 z         15.5335384 0.09945577 NA 15.3398266 15.7296963
 knn       15.3131310 0.09861900 NA 15.1210561 15.5076458
 wsld      15.1865271 0.09813680 NA 14.9953954 15.3800949
 COSNet     8.7354274 0.07152453 NA  8.5963607  8.8767437
 bagsvm    15.9632561 0.10107768 NA 15.7663717 16.1625991
 rf        17.8745773 0.10815271 NA 17.6638538 18.0878146
 svm       15.7486731 0.10026931 NA 15.5533700 15.9464287

cv_scheme = block, network = omnipath:
 method          rate         SE df  asymp.LCL  asymp.UCL
 pr         1.4543812 0.02035274 NA  1.4150327  1.4948240
 randomraw  0.8395239 0.01524158 NA  0.8101762  0.8699347
 random     0.6653227 0.01351203 NA  0.6393598  0.6923399
 EGAD       5.0070711 0.04075084 NA  4.9278346  5.0875817
 ppr        7.2445590 0.05115093 NA  7.1449955  7.3455099
 raw        8.2567806 0.05560734 NA  8.1485084  8.3664914
 gm         4.2786588 0.03712086 NA  4.2065183  4.3520364
 mc         6.3361816 0.04703689 NA  6.2446584  6.4290462
 z          7.9367277 0.05421094 NA  7.8311843  8.0436936
 knn        7.8241125 0.05371694 NA  7.7195344  7.9301073
 wsld       7.7594253 0.05343254 NA  7.6554030  7.8648610
 COSNet     4.4632914 0.03805633 NA  4.3893222  4.5385072
 bagsvm     8.1562883 0.05517006 NA  8.0488706  8.2651396
 rf         9.1328614 0.05937808 NA  9.0172208  9.2499849
 svm        8.0466490 0.05469176 NA  7.9401659  8.1545600

cv_scheme = representative, network = omnipath:
 method          rate         SE df  asymp.LCL  asymp.UCL
 pr         1.2374782 0.01740684 NA  1.2038274  1.2720696
 randomraw  0.7143193 0.01300833 NA  0.6892730  0.7402756
 random     0.5660980 0.01152511 NA  0.5439540  0.5891436
 EGAD       4.2603280 0.03520032 NA  4.1918923  4.3298811
 ppr        6.1641222 0.04439911 NA  6.0777129  6.2517600
 raw        7.0253833 0.04836071 NA  6.9312346  7.1208109
 gm         3.6405495 0.03200754 NA  3.5783533  3.7038267
 mc         5.3912181 0.04075190 NA  5.3119346  5.4716849
 z          6.7530624 0.04711822 NA  6.6613410  6.8460468
 knn        6.6572423 0.04667891 NA  6.5663791  6.7493629
 wsld       6.6022024 0.04642605 NA  6.5118332  6.6938258
 COSNet     3.7976464 0.03282936 NA  3.7338441  3.8625390
 bagsvm     6.9398782 0.04797152 NA  6.8464898  7.0345405
 rf         7.7708074 0.05172070 NA  7.6700950  7.8728422
 svm        6.8465903 0.04754594 NA  6.7540333  6.9404156

Results are averaged over the levels of: disease 
Confidence level used: 0.95 
Intervals are back-transformed from the log scale 
