cv_scheme = classic, network = string:
 method           rate          SE df   asymp.LCL   asymp.UCL
 pr         1.01228445 0.027621810 NA  0.95956890  1.06789602
 randomraw  0.29793402 0.014889948 NA  0.27013404  0.32859495
 random     0.37458867 0.016708381 NA  0.34323149  0.40881060
 EGAD       5.33401148 0.065780140 NA  5.20663042  5.46450894
 ppr        7.64508266 0.080228807 NA  7.48944319  7.80395651
 raw       10.08987854 0.093930374 NA  9.90744777 10.27566850
 gm         8.48208053 0.085063081 NA  8.31698777  8.65045039
 mc         4.00872794 0.056403200 NA  3.89969007  4.12081458
 z          9.62835553 0.091434549 NA  9.45080457  9.80924211
 knn        8.79109181 0.086806937 NA  8.62258916  8.96288734
 wsld       8.67349560 0.086145730 NA  8.50628585  8.84399223
 COSNet     7.20243530 0.077598965 NA  7.05193871  7.35614367
 bagsvm    10.08278910 0.093892309 NA  9.90043275 10.26850427
 rf        11.77574910 0.102766637 NA 11.57604300 11.97890046
 svm        9.56463912 0.091087054 NA  9.38776760  9.74484302

cv_scheme = block, network = string:
 method           rate          SE df   asymp.LCL   asymp.UCL
 pr         0.37848825 0.010471997 NA  0.35851010  0.39957970
 randomraw  0.11139609 0.005590587 NA  0.10096040  0.12291045
 random     0.14005689 0.006279999 NA  0.12827367  0.15292251
 EGAD       1.99436106 0.026234778 NA  1.94359904  2.04644887
 ppr        2.85845939 0.032727120 NA  2.79502975  2.92332848
 raw        3.77255673 0.039136749 NA  3.69662468  3.85004849
 gm         3.17140884 0.034961673 NA  3.10362020  3.24067810
 mc         1.49884396 0.022177047 NA  1.45600196  1.54294657
 z          3.59999551 0.037951912 NA  3.52637434  3.67515369
 knn        3.28694666 0.035775074 NA  3.21757140  3.35781775
 wsld       3.24297801 0.035466210 NA  3.17420521  3.31324084
 COSNet     2.69295568 0.031524354 NA  2.63187250  2.75545654
 bagsvm     3.76990602 0.039118623 NA  3.69400932  3.84736208
 rf         4.40289556 0.043389631 NA  4.31866948  4.48876429
 svm        3.57617225 0.037787539 NA  3.50287168  3.65100670

cv_scheme = representative, network = string:
 method           rate          SE df   asymp.LCL   asymp.UCL
 pr         0.37120453 0.010274876 NA  0.35160267  0.39189920
 randomraw  0.10925235 0.005483715 NA  0.09901622  0.12054668
 random     0.13736160 0.006160151 NA  0.12580333  0.14998179
 EGAD       1.95598107 0.025778692 NA  1.90610275  2.00716460
 ppr        2.80345047 0.032177620 NA  2.74108759  2.86723218
 raw        3.69995669 0.038500534 NA  3.62526132  3.77619110
 gm         3.11037744 0.034381390 NA  3.04371587  3.17849899
 mc         1.46999983 0.021782868 NA  1.42792022  1.51331950
 z          3.53071628 0.037331375 NA  3.45830106  3.60464784
 knn        3.22369182 0.035183740 NA  3.15546529  3.29339353
 wsld       3.18056932 0.034879063 NA  3.11293704  3.24967098
 COSNet     2.64113176 0.030991693 NA  2.58108233  2.70257825
 bagsvm     3.69735699 0.038482647 NA  3.62269650  3.77355617
 rf         4.31816513 0.042698280 NA  4.23528376  4.40266842
 svm        3.50735149 0.037169189 NA  3.43525258  3.58096360

cv_scheme = classic, network = omnipath:
 method           rate          SE df   asymp.LCL   asymp.UCL
 pr         0.70864666 0.019404454 NA  0.67161718  0.74771776
 randomraw  0.20856781 0.010434586 NA  0.18908711  0.23005551
 random     0.26222966 0.011712037 NA  0.24025053  0.28621953
 EGAD       3.73405857 0.046835398 NA  3.64338201  3.82699189
 ppr        5.35191694 0.057483944 NA  5.24042811  5.46577767
 raw        7.06338889 0.067713460 NA  6.93191199  7.19735950
 gm         5.93785476 0.061079007 NA  5.81934080  6.05878232
 mc         2.80629784 0.040003788 NA  2.72897703  2.88580940
 z          6.74030110 0.065840956 NA  6.61248267  6.87059024
 knn        6.15417717 0.062379692 NA  6.03312168  6.27766166
 wsld       6.07185430 0.061886281 NA  5.95176292  6.19436882
 COSNet     5.04204300 0.055534919 NA  4.93436303  5.15207282
 bagsvm     7.05842594 0.067684873 NA  6.92700490  7.19234034
 rf         8.24357746 0.074374020 NA  8.09908832  8.39064431
 svm        6.69569662 0.065580561 NA  6.56838696  6.82547383

cv_scheme = block, network = omnipath:
 method           rate          SE df   asymp.LCL   asymp.UCL
 pr         0.26495956 0.007355925 NA  0.25092744  0.27977636
 randomraw  0.07798249 0.003917740 NA  0.07066980  0.08605189
 random     0.09804640 0.004402016 NA  0.08978732  0.10706519
 EGAD       1.39614642 0.018641443 NA  1.36008379  1.43316524
 ppr        2.00105583 0.023363731 NA  1.95578374  2.04737587
 raw        2.64096690 0.028056302 NA  2.58654609  2.69653272
 gm         2.22013514 0.024996637 NA  2.17167925  2.26967222
 mc         1.04926117 0.015709583 NA  1.01891833  1.08050761
 z          2.52016594 0.027186933 NA  2.46743991  2.57401867
 knn        2.30101704 0.025591878 NA  2.25140064  2.35172690
 wsld       2.27023692 0.025365802 NA  2.22106128  2.32050134
 COSNet     1.88519546 0.022486299 NA  1.84163430  1.92978700
 bagsvm     2.63911128 0.028042996 NA  2.58471641  2.69465088
 rf         3.08223369 0.031183070 NA  3.02171796  3.14396136
 svm        2.50348854 0.027066390 NA  2.45099750  2.55710374

cv_scheme = representative, network = omnipath:
 method           rate          SE df   asymp.LCL   asymp.UCL
 pr         0.25986061 0.007217439 NA  0.24609282  0.27439864
 randomraw  0.07648178 0.003842846 NA  0.06930892  0.08439696
 random     0.09615957 0.004318006 NA  0.08805817  0.10500630
 EGAD       1.36927862 0.018316348 NA  1.33384575  1.40565274
 ppr        1.96254700 0.022969245 NA  1.91804053  2.00808621
 raw        2.59014346 0.027596329 NA  2.53661648  2.64479996
 gm         2.17741030 0.024579021 NA  2.12976530  2.22612116
 mc         1.02906893 0.015429819 NA  0.99926708  1.05975957
 z          2.47166723 0.026738875 NA  2.41981169  2.52463401
 knn        2.25673569 0.025165926 NA  2.20794650  2.30660297
 wsld       2.22654791 0.024943010 NA  2.17819330  2.27597596
 COSNet     1.84891628 0.022104412 NA  1.80609607  1.89275170
 bagsvm     2.58832355 0.027583205 NA  2.53482215  2.64295419
 rf         3.02291841 0.030680939 NA  2.96337903  3.08365403
 svm        2.45531078 0.026619991 NA  2.40368699  2.50804329

Results are averaged over the levels of: disease 
Confidence level used: 0.95 
Intervals are back-transformed from the log scale 
